alfa <- .05
rango_k <- c(20, 50, 100, 500)
rango_n <- c(1, 5, 20, 50, 100)
rango_p <- c(0.01, 0.1, 0.5, 0.9, 0.99)
n_sims <- 2000